[[ 36.78496993, 36.19772022, 35.81690144, 36.78496993, 36.8847726
,  36.48889449, 36.10173006, 36.48889449, 36.19772022, 35.81690144
,  36.78496993, 36.10173006, 35.81690144, 36.39129794, 36.68572583
,  36.00626644, 36.78496993, 35.81690144, 37.1875802,  31.67278198
,  36.78496993, 32.88665186, 32.49706965, 36.10173006, 36.00626644
,  36.78496993, 28.12524287, 31.2411788,  33.12508847, 27.51210824]
 [ 30.48077473, 31.96745878, 34.63463713, 41.01893839, 40.77098426
,  41.65273376, 41.65273376, 43.26012057, 41.27004131, 42.17459497
,  40.77098426, 42.04286186, 41.27004131, 41.65273376, 41.65273376
,  41.65273376, 42.17459497, 40.77098426, 41.78193952, 41.27004131
,  41.27004131, 41.65273376, 41.78193952, 41.01893839, 41.39679259
,  40.89457148, 41.14409247, 40.89457148, 41.14409247, 41.27004131]
 [ 44.85107495, 45.46015362, 45.6151148,  47.39497909, 44.40525577
,  45.46015362, 45.6151148,  45.6151148,  47.2272364,  45.46015362
,  44.85107495, 46.08664488, 45.46015362, 44.70144023, 45.92834845
,  44.55283742, 45.15348394, 44.70144023, 44.85107495, 45.30628052
,  44.70144023, 46.56840002, 44.55283742, 45.15348394, 44.70144023
,  44.55283742, 44.55283742, 44.70144023, 44.85107495, 46.40665815]
 [ 51.42599996, 53.28827699, 50.25763451, 50.83485498, 51.42599996
,  50.44852501, 46.24607731, 36.29424136, 36.10173006, 35.35240342
,  35.17008314, 35.26099883, 37.39233405, 40.77098426, 50.64092577
,  50.83485498, 51.62623113, 51.42599996, 51.62623113, 50.25763451
,  49.32521821, 49.32521821, 50.83485498, 50.06823632, 50.83485498
,  50.06823632, 50.64092577, 50.83485498, 50.64092577, 51.62623113]
 [ 57.46751937, 56.72431259, 57.71976604, 56.72431259, 60.65418578
,  60.65418578, 59.55195583, 58.49048188, 55.52894965, 53.9405519
,  46.56840002, 54.60961041, 56.9698234,  57.97432044, 56.23981575
,  48.60471511, 58.49048188, 69.74223158, 54.83647342, 53.9405519
,  53.28827699, 46.7313157,  55.76382541, 58.75215514, 56.72431259
,  56.72431259, 57.46751937, 57.46751937, 57.46751937, 56.4809865 ]
 [ 64.86977097, 64.86977097, 63.60446338, 64.86977097, 66.18843593
,  67.56395, ,  65.85358158, 56.23981575, 55.76382541, 52.86243841
,  42.04286186, 53.07447174, 63.60446338, 63.91596811, 66.18843593
,  64.5485718,  69.74223158, 55.29611689, 38.02087727, 37.1875802
,  35.35240342, 34.72270108, 41.52435412, 39.00592311, 43.96853229
,  63.29609163, 62.68855767, 66.18843593, 64.86977097, 64.86977097]
 [ 65.85358158, 78.66898023, 78.66898023, 75.44058444, 75.00166074
,  76.7899322,  98.02827538, 63.60446338, 56.23981575, 55.06530027
,  53.50387673, 40.4048272,  58.75215514, 73.29767152, 78.66898023
,  76.7899322,  82.72892412, 57.71976604, 53.9405519,  53.50387673
,  47.90570738, 54.83647342, 76.7899322,  75.44058444, 75.00166074
,  73.71609896, 73.71609896, 76.7899322,  76.7899322,  76.33461883]
 [ 92.31346, ,  92.31346, ,  95.08188553, 82.19779133, 89.07926512
,  87.85039317 109.0681297,  72.47542158, 58.75215514, 55.76382541
,  54.83647342, 48.25258561, 55.76382541, 57.71976604, 57.46751937
,  57.71976604, 59.82360097, 49.32521821, 54.83647342, 50.25763451
,  46.7313157,  72.07142817, 90.34434071, 92.31346, ,  83.81284554
,  90.34434071, 69.00011839, 67.56395, , 107.20437425, 62.09299701]
 [ 66.18843593, 63.91596811, 82.19779133 104.52932215 111.99339726
, 120.65505202 120.65505202 111.99339726, 61.22133415, 56.72431259
,  54.16167446, 52.86243841, 46.56840002, 55.52894965, 55.06530027
,  54.16167446, 54.83647342, 54.16167446, 54.16167446, 50.06823632
,  69.00011839 113.00502164, 86.65617512, 99.57372717, 95.08188553
,  82.72892412, 89.707177, , 95.80113637, 98.79473277, 92.31346,  ]
 [125.53014108 136.6213638, 104.52932215 130.83240502 111.99339726
,  98.02827538 118.36171226 110.02545647, 82.72892412, 52.23674975
,  55.76382541, 55.06530027, 53.9405519,  55.76382541, 55.06530027
,  55.76382541, 53.72129391, 53.9405519,  53.28827699, 70.11953417
, 120.65505202 136.6213638, 104.52932215 113.00502164 101.17059339
,  95.08188553 120.65505202 150., , , ,  114.03578801 126.8135102 ]
 [130.83240502 129.46371606 115.08625162 135.12482785 120.65505202
, 105.40549484 115.08625162, 92.98978096 104.52932215, 61.22133415
,  39.00592311, 38.34344462, 36.98513863, 38.56166296, 52.44359905
,  41.27004131, 43.96853229, 46.40665815, 51.03033116 101.98912546
, 108.12792244 111.99339726 111.99339726 108.12792244 101.17059339
, 111.00038041, 90.99096477 135.12482785 150., , , ,  136.6213638 ]
 [116.15698954, 92.98978096 106.29704113 125.53014108 111.99339726
, 111.99339726 125.53014108 111.99339726 104.52932215, 78.19032768
,  58.49048188, 54.38468576, 51.62623113, 49.50882072, 75.88487044
,  55.76382541, 55.06530027, 53.28827699, 60.65418578 111.99339726
, 108.12792244 111.99339726, 86.65617512, 96.53176643, 92.31346
, 130.83240502 130.83240502 150., , , ,  150., , , ,  142.96821566]
 [116.15698954 130.83240502 125.53014108 125.53014108 116.15698954
, 120.65505202 129.46371606 111.99339726 124.27342496, 95.08188553
,  63.91596811, 49.32521821, 50.25763451, 52.44359905, 61.50905507
,  55.06530027, 54.83647342, 50.83485498 101.17059339 104.52932215
, 115.08625162, 83.26722622, 89.707177, , 66.18843593, 56.23981575
,  72.47542158, 81.6736839,  84.36593415 150., , , , , 88.46040268]
 [136.6213638, 136.6213638, 120.65505202 135.12482785 115.08625162
, 120.65505202 110.02545647, 83.26722622 120.65505202 101.17059339
,  90.34434071, 56.72431259, 55.76382541, 55.76382541, 55.76382541
,  55.76382541, 53.50387673, 63.60446338 103.66812423, 95.08188553
, 120.65505202 120.65505202 120.65505202 116.15698954 116.15698954
, 136.6213638, 142.96821566 150., , , ,  150., , , ,  148.14548834]
 [136.6213638, 111.99339726 130.83240502 135.12482785 108.12792244
, 119.49697039 129.46371606 119.49697039 111.99339726 100.36557252
,  90.34434071, 62.38930317, 56.72431259, 55.76382541, 56.72431259
,  55.76382541, 52.44359905, 87.24904576 106.29704113 108.12792244
, 111.00038041 108.12792244 128.1243999, 111.99339726 105.40549484
, 125.53014108 136.6213638, 150., , , ,  150., , , ,  150., , , , ]
 [120.65505202 120.65505202 136.6213638, 120.65505202 116.15698954
, 128.1243999, 121.83666099, 55.52894965, 62.09299701, 62.99080526
,  60.93639122, 41.01893839, 40.04542658, 41.27004131, 48.42798644
,  55.76382541, 71.67207851 108.12792244 107.20437425 111.00038041
, 111.99339726 106.29704113, 59.28285707 107.20437425 116.15698954
,  82.72892412 136.6213638, 150., , , ,  150., , , ,  150., , , , ]
 [150., , , ,  125.53014108 142.96821566 116.15698954 125.53014108
, 130.83240502 111.99339726 116.15698954 115.08625162 111.99339726
, 108.12792244, 95.80113637, 55.76382541, 70.11953417, 63.91596811
,  63.60446338, 98.02827538 111.99339726 116.15698954 108.12792244
, 111.00038041 107.20437425 113.00502164 129.46371606 114.03578801
,  66.86885675 141.32478738 150., , , ,  150., , , ,  108.12792244]
 [124.27342496 124.27342496, 92.98978096 104.52932215 150.
, 119.49697039 120.65505202 125.53014108 108.12792244 111.99339726
, 120.65505202 116.15698954 111.00038041 124.27342496 111.99339726
, 108.12792244 107.20437425 110.02545647 120.65505202 113.00502164
, 104.52932215, 87.85039317, 50.25763451, 53.07447174, 65.85358158
,  48.07849754 150., , , ,  150., , , ,  150., , , ,  150., , , , ]
 [133.66190275 117.24860174 100.36557252 108.12792244 129.46371606
, 120.65505202 120.65505202 125.53014108 108.12792244 120.65505202
, 111.99339726 107.20437425 111.00038041 108.12792244 108.12792244
, 119.49697039 107.20437425 113.00502164 109.0681297,  99.57372717
,  84.92664837 101.17059339 136.6213638, 116.15698954 111.99339726
,  98.02827538 150., , , ,  150., , , ,  150., , , ,  150., , , , ]
 [124.27342496 118.36171226 125.53014108 141.32478738 110.02545647
, 150., , , ,  142.96821566 120.65505202 116.15698954 120.65505202
, 119.49697039 111.99339726 120.65505202 107.20437425 111.99339726
, 116.15698954 116.15698954 115.08625162 135.12482785 130.83240502
, 107.20437425, 98.02827538 130.83240502 107.20437425 125.53014108
, 130.83240502 104.52932215 141.32478738 120.65505202 124.27342496]]
